$ANSIBLE_VAULT;1.1;AES256
66333661383836646365373666366534393139326137643762313834653266316663393737343335
6265376566653431353931646461373965336636386365660a373731343931396437373036643132
31663331343562396564356461303839396635643763663465303165613464326134616132366266
3338643631313334630a326463323339373336303831623330666433376563353132663563333661
38396337356164353639656331396138386136663463633131363438653136336534653734353631
61383430643331646264623033373934396639343037653436643038393864383564646633326563
38303961373963303961633361613836613535393263616135623032356234336263633736373336
31666131326465613664653364376331376562376663343133323438333234613364653863386264
64633536383663363533313634323732373136316166396232636435333132336430

37343535666265643534343931376565363333353962616565623832353836326165336263396465
3862363832333138376334383837623934643336363435640a313030656634346632656136613464
62613537363661666532316232356139316665613931303664633165366336353766333730666664
6265616330646239390a633665356537653431353130333336646639633835323635383839373236
31636564336339333037363636653735646635336630393266373632353561333438313766653033
65393038306362313566663339306138303864323165313638356465663663616337656461616538
66656164653666393036313738316237323762393062353739626464313962323337663266333261
30303037303266383464613539626533313366363335353839353766656535633464663730663564
32343931666632303835666661613830636365393232633336353861383239313933

39663037633361646337626535633132613336663734343233326339636464323438333832306631
3765623136363063633639613832623638383334653962610a333338613137346535306164353534
30303762313936366132343461303536343534623637376339376664353732376135346638333465
6539373632306238610a346132333461646166316262376530303831313665646330323964633466
65373334643235666634646131333264623939333765633565396537336138333431636161353931
37643865333062613662623231346533636362653962613063616539313638346435316361666263
62643230636463653537383337633737353464623762303432626263383730666231353765356334
64366263613161303264306539376364346662336636646431643863353061326563353134303836
66353364303938663330343464363765643534313363633366356432313332323030383161643438
36353065343936396164636463663739616664313265333161656138303630383032656465336631
64326663363332656565616431643731333962336366313561656233373762316161343233643363
62636239353862323461376662623961326164666161653439383331393530306433346133666365
33656666623937366361333431383166636163323864346132396634303466343632663464343964
62663030363734643563656366366134623230346236623064633262343438353636373166663365
65636664356635653638383835376438393530336532636438376230356561653563306539363631
36636239383062373430383733306430346665383166646335356465396532353932316363383632
63303137623635326239373634613566326230626366656438656434383130353634373462653137
34376238653533613230393936643530383136636163303564313732663132383738373035663361
37613264306438386138346130356436336565313034303933343961356630613538356135353935
31376337393837336366346466343836326666613562383664663466626331353731333435666133
39346166383931633733326237333235353331316461633934663166336232336439313134663331
30383836313435343563306264306363356465623765616666306364626665386161356366396264
653362373232656365643434343033353435

34373736333630663833316433653538646162376130663261326339633636646662666535396333
6137396261643730326162313464393437393762646363390a636662383764323262616636626631
65346133353566666132613164656364393336306363333431393663376334613562386536646638
3833396262346434660a303932666638666165313236646131663034343562383036623662376566
63356465363834323532306235313932353030366165383536666137656537633063393536373939
37376630343865623735613932636239616230613537636432313165326662363937623637366661
36303063636264303363316332663230366430393539303336383332346331373435376534383232
61366665326332313238373131626538376538666561303463623431633661623965616362376661
62376363313834366339383630663262323437313336633530626335366663643139626664643037
38356363616663663037623639616439613037636237616463376238346164363663383362323138
38626335356164386433663565383134393130303034653337653339323861336366636235376664
63653464656362663065343630653065633666356532323431353733386537366532373839636331
33353237623833366530326238656566333739643666303864393238353966653062373265363133
37663166373839373631633631363934393732646435666666613832663062373334623561643933
31303838383638373234323035326633653962386237633565353066653134356163643535666536
65653039613031636635373239393163323639373264306433383139353830346364623630653435
37633038386530373739643863396635383464656438363431653330663162366232356534353563
61613065336431373930326133363838666532373464363635613636623235663539323037663135
38663132386138636631333563373361306234323537333262373964353233613737313238643233
32316634613439353762393038613066303165663237653131356339313232396335613536643865
38393063306334636338333133383632313635646262633030303838333164336165656664303135
3838646132313031343938316666366239656139366637656337
